2,0.00062


3,0.00062


4,0.00065


5,0.00078


6,0.00077


7,0.00075


8,0.00089


9,0.00096


10,0.00129


11,0.00123


12,0.00144


13,0.00136


14,0.00154


15,0.00202


16,0.00204


17,0.00197


18,0.00231


19,0.00233


20,0.00236


21,0.00299


22,0.00297


23,0.00308


24,0.00329


25,0.00344


26,0.00345


27,0.00264


28,0.00274


29,0.00306


30,0.00372


31,0.00505


32,0.00524


33,0.00488


34,0.00435


35,0.00493


36,0.00643


37,0.00589


38,0.00611


39,0.00662


40,0.00606


41,0.00644


42,0.00701


43,0.00703


44,0.00745


45,0.00741


46,0.00843


47,0.008


48,0.00862


49,0.00958


50,0.00951


51,0.01021


52,0.00979


53,0.00936


54,0.00901


55,0.00825


56,0.00974


57,0.00859


58,0.01155


59,0.01332


60,0.01285


61,0.01251


62,0.01195


63,0.01158


64,0.0107


65,0.0146


66,0.01106


67,0.01214


68,0.01399


69,0.01449


70,0.01395


71,0.01286


72,0.01513


73,0.01709


74,0.01451


75,0.01457


76,0.01574


77,0.01684


78,0.01979


79,0.01816


80,0.0165


81,0.01598


82,0.01947


83,0.01788


84,0.01914


85,0.01991


86,0.02043


87,0.01904


88,0.02233


89,0.02383


90,0.02159


91,0.02958


92,0.02227


93,0.02252


94,0.03176


95,0.0271


96,0.0311


97,0.02868


98,0.02816


99,0.02562


100,0.02623


101,0.03101


102,0.02647


103,0.02606


104,0.02953


105,0.0292


106,0.02887


107,0.03765


108,0.02932


109,0.03177


110,0.03159


111,0.03398


112,0.03772


113,0.02927


114,0.03398


115,0.03708


116,0.033


117,0.03536


118,0.03474


119,0.03145


120,0.03852


121,0.03658


122,0.03592


123,0.04468


124,0.03874


125,0.03835


126,0.03495


127,0.04125


128,0.03751


129,0.04151


130,0.04648


131,0.04728


132,0.04568


133,0.04463


134,0.04251


135,0.04525


136,0.04656


137,0.0481


138,0.04487


139,0.05424


140,0.04933


141,0.05011


142,0.05208


143,0.05933


144,0.05497


145,0.04833


146,0.05606


147,0.04949


148,0.05702


149,0.05525


150,0.06264


151,0.05288


152,0.06999


153,0.0686


154,0.06495


155,0.06692


156,0.05839


157,0.05631


158,0.06093


159,0.0636


160,0.06638


161,0.07106


162,0.06199


163,0.06461


164,0.06339


165,0.0615


166,0.06611


167,0.06739


168,0.07166


169,0.0634


170,0.07248


171,0.06758


172,0.07108


173,0.07906


174,0.08606


175,0.07919


176,0.0788


177,0.08343


178,0.08025


179,0.08202


180,0.0835


181,0.07299


182,0.08885


183,0.09247


184,0.0711


185,0.09005


186,0.08663


187,0.0657


188,0.09093


189,0.08409


190,0.09203


191,0.0787


192,0.08249


193,0.07447


194,0.08685


195,0.08746


196,0.08879


197,0.09234


198,0.09424


199,0.08229


200,0.1009


201,0.09662


202,0.08224


203,0.09729


204,0.10174


205,0.11431


206,0.1103


207,0.11307


208,0.10049


209,0.10381


210,0.1041


211,0.11187


212,0.10313


213,0.09966


214,0.10557


215,0.09383


216,0.10617


217,0.10731


218,0.12967


219,0.11817


220,0.11631


221,0.1075


222,0.11436


223,0.1184


224,0.10865


225,0.12166


226,0.12717


227,0.12252


228,0.12906


229,0.11939


230,0.12814


231,0.13765


232,0.11504


233,0.13788


234,0.15081


235,0.12443


236,0.12855


237,0.14069


238,0.13893


239,0.1298


240,0.13278


241,0.13129


242,0.12405


243,0.12955


244,0.14644


245,0.14407


246,0.16364


247,0.15987


248,0.14542


249,0.13162


250,0.14986


251,0.16205


252,0.14804


253,0.16402


254,0.18741


255,0.19132


256,0.17825


257,0.14699


258,0.16923


259,0.13433


260,0.15532


261,0.1612


262,0.15832


263,0.16989


264,0.16257


265,0.15894


266,0.17078


267,0.15138


268,0.15892


269,0.16235


270,0.18271


271,0.15504


272,0.18001


273,0.16297


274,0.17038


275,0.17782


276,0.18114


277,0.1875


278,0.19046


279,0.18366


280,0.18715


281,0.20106


282,0.19259


283,0.16988


284,0.1912


285,0.19141


286,0.1954


287,0.20946


288,0.18524


289,0.19605


290,0.19813


291,0.21026


292,0.22195


293,0.18009


294,0.21716


295,0.19724


296,0.22835


297,0.18454


298,0.20871


299,0.23908


300,0.19702


301,0.20337


302,0.24886


303,0.20421


304,0.23379


305,0.23743


306,0.22977


307,0.24748


308,0.22777


309,0.22283


310,0.21985


311,0.23762


312,0.22441


313,0.22732


314,0.24937


315,0.24451


316,0.21374


317,0.27526


318,0.24498


319,0.24089


320,0.23103


321,0.23327


322,0.24992


323,0.23329


324,0.25825


325,0.22066


326,0.25519


327,0.2548


328,0.25627


329,0.26456


330,0.23752


331,0.24866


332,0.26901


333,0.23707


334,0.26555


335,0.2744


336,0.24955


337,0.26631


338,0.28869


339,0.28221


340,0.26578


341,0.28514


342,0.26225


343,0.29389


344,0.27761


345,0.24252


346,0.2771


347,0.28246


348,0.28612


349,0.29533


350,0.24144


351,0.25366


352,0.27201


353,0.27127


354,0.28475


355,0.29767


356,0.34292


357,0.26568


358,0.33206


359,0.28491


360,0.2812


361,0.27287


362,0.28446


363,0.29163


364,0.32217


365,0.32167


366,0.29203


367,0.28935


368,0.30951


369,0.3263


370,0.33574


371,0.28084


372,0.34373


373,0.26384


374,0.34522


375,0.33154


376,0.31829


377,0.31754


378,0.30024


379,0.33571


380,0.30729


381,0.35792


382,0.34656


383,0.32502


384,0.35284


385,0.35029


386,0.32607


387,0.29527


388,0.35041


389,0.32036


390,0.38323


391,0.34136


392,0.35228


393,0.3232


394,0.31049


395,0.38145


396,0.37369


397,0.40236


398,0.3846


399,0.35889


400,0.40112


401,0.34208


402,0.38709


403,0.36247


404,0.37057


405,0.38132


406,0.40636


407,0.42203


408,0.33481


409,0.33222


410,0.42983


411,0.40703


412,0.37644


413,0.40966


414,0.38554


415,0.36267


416,0.39224


417,0.36801


418,0.36933


419,0.40585


420,0.38368


421,0.36055


422,0.40649


423,0.42877


424,0.41514


425,0.40359


426,0.38252


427,0.43175


428,0.38923


429,0.47469


430,0.42059


431,0.41708


432,0.40903


433,0.39712


434,0.43083


435,0.42709


436,0.42475


437,0.39189


438,0.42743


439,0.46486


440,0.43946


441,0.45047


442,0.43261


443,0.48247


444,0.43417


445,0.50511


446,0.46186


447,0.49882


448,0.39428


449,0.52172


450,0.42838


451,0.45668


452,0.42095


453,0.50895


454,0.46638


455,0.42854


456,0.46048


457,0.46518


458,0.50704


459,0.49625


460,0.50542


461,0.47246


462,0.39715


463,0.47905


464,0.54531


465,0.46819


466,0.51352


467,0.45388


468,0.48896


469,0.52804


470,0.48889


471,0.455


472,0.46107


473,0.59193


474,0.53386


475,0.50809


476,0.5004


477,0.55513


478,0.54354


479,0.48336


480,0.48946


481,0.44489


482,0.53371


483,0.51528


484,0.53569


485,0.5557


486,0.60696


487,0.57145


488,0.57205


489,0.50851


490,0.52738


491,0.57608


492,0.51839


493,0.58765


494,0.51549


495,0.49919


496,0.52981


497,0.52311


498,0.54761


499,0.52418


500,0.58797


501,0.60856


502,0.59731


503,0.61194


504,0.6637


505,0.52905


506,0.60519


507,0.57076


508,0.60613


509,0.55709


510,0.64326


511,0.5553


512,0.61938


513,0.5789


514,0.52447


515,0.61601


516,0.58041


517,0.62196


518,0.64699


519,0.55491


520,0.65536


521,0.54427


522,0.6391


523,0.65382


524,0.65086


525,0.6011


526,0.65353


527,0.58894


528,0.61413


529,0.71958


530,0.63186


531,0.63446


532,0.62146


533,0.62944


534,0.66546


535,0.63096


536,0.57707


537,0.67236


538,0.61144


539,0.58571


540,0.62755


541,0.69558


542,0.66229


543,0.57094


544,0.58073


545,0.65205


546,0.72398


547,0.62053


548,0.65363


549,0.66416


550,0.74162


551,0.63944


552,0.65291


553,0.7537


554,0.68031


555,0.69023


556,0.68434


557,0.66733


558,0.72756


559,0.67258


560,0.67542


561,0.77253


562,0.7087


563,0.7331


564,0.69533


565,0.80715


566,0.74801


567,0.7789


568,0.63677


569,0.69152


570,0.69366


571,0.79563


572,0.62795


573,0.7298


574,0.71292


575,0.83753


576,0.69496


577,0.81348


578,0.77934


579,0.77581


580,0.89582


581,0.75966


582,0.71865


583,0.8872


584,0.68059


585,0.71624


586,0.63373


587,0.78484


588,0.72155


589,0.85214


590,0.77054


591,0.87427


592,0.72201


593,0.80299


594,0.80909


595,0.68365


596,0.74806


597,0.82621


598,0.79879


599,0.72372


600,0.80841


601,0.73919


602,0.82508


603,0.76279


604,0.77914


605,0.94036


606,0.77709


607,0.79144


608,0.85383


609,0.78515


610,0.88903


611,0.7854


612,0.9062


613,0.77104


614,0.89082


615,0.84667


616,0.79157


617,0.82169


618,0.8611


619,0.83934


620,0.84799


621,0.93267


622,0.86715


623,0.83963


624,0.8928


625,0.87825


626,0.9132


627,0.79577


628,0.90407


629,0.84958


630,0.8608


631,0.81395


632,0.93669


633,0.84826


634,0.99386


635,0.88255


636,0.91379


637,0.75074


638,0.93064


639,0.89612


640,0.92194


641,0.79378


642,0.835


643,0.89454


644,0.71993


645,0.93205


646,0.96232


647,0.98346


648,0.95982


649,0.91288


650,0.97431


651,0.9896


652,0.83545


653,0.87368


654,0.89903


655,0.89297


656,0.90172


657,0.91852


658,1.01767


659,0.99656


660,0.96032


661,1.02744


662,0.97707


663,0.87972


664,0.86636


665,0.98827


666,0.98324


667,0.91637


668,0.87555


669,0.95763


670,0.93217


671,0.971


672,0.98362


673,0.88978


674,0.9447


675,0.93999


676,1.07457


677,0.95052


678,0.93095


679,0.9396


680,1.06938


681,0.89139


682,1.06195


683,1.0521


684,1.02361


685,1.12253


686,1.07317


687,0.98667


688,1.03199


689,1.04225


690,1.06543


691,0.99942


692,1.13767


693,1.10863


694,0.92568


695,1.06003


696,1.31685


697,1.28323


698,1.10946


699,1.15611


700,1.03915


701,1.05946


702,1.15838


703,1.26543


704,1.09739


705,1.20173


706,1.00326


707,1.15104


708,1.12669


709,1.0454


710,0.97045


711,1.28247


712,1.23309


713,1.06292


714,1.08853


715,0.99498


716,1.06998


717,1.21627


718,1.29869


719,1.02789


720,1.13732


721,1.20436


722,1.03354


723,1.13417


724,1.2274


725,1.23923


726,1.28422


727,1.09523


728,1.17262


729,1.12981


730,1.17922


731,1.05437


732,1.18412


733,1.10339


734,1.11444


735,1.33611


736,1.31737


737,1.17051


738,1.18729


739,1.09749


740,1.18652


741,1.20502


742,1.03977


743,1.21101


744,1.24768


745,1.21922


746,1.03907


747,1.24004


748,1.32518


749,1.09287


750,1.07173


751,1.17175


752,1.01693


753,1.17837


754,1.39762


755,1.30627


756,1.25362


757,1.11517


758,1.23761


759,1.15568


760,1.32423


761,1.15411


762,1.1687


763,1.28224


764,1.2423


765,1.24888


766,1.25789


767,1.30165


768,1.18141


769,1.24639


770,1.23599


771,1.25063


772,1.31964


773,1.17749


774,1.21396


775,1.27079


776,1.46261


777,1.13583


778,1.38511


779,1.18137


780,1.27414


781,1.19351


782,1.4305


783,1.31434


784,1.29211


785,1.24686


786,1.44276


787,1.22756


788,1.31683


789,1.39923


790,1.47738


791,1.42238


792,1.33879


793,1.31275


794,1.34413


795,1.51578


796,1.39928


797,1.39607


798,1.37199


799,1.37383


800,1.35106


801,1.31477


802,1.23278


803,1.49928


804,1.6791


805,1.29863


806,1.35516


807,1.41351


808,1.38814


809,1.26704


810,1.38355


811,1.5724


812,1.61133


813,1.65659


814,1.63769


815,1.27148


816,1.32356


817,1.61965


818,1.51301


819,1.41105


820,1.48002


821,1.40734


822,1.40306


823,1.56943


824,1.49254


825,1.55982


826,1.55488


827,1.37747


828,1.47592


829,1.47254


830,1.34207


831,1.47845


832,1.36411


833,1.4598


834,1.5632


835,1.55115


836,1.58486


837,1.58014


838,1.53711


839,1.55166


840,1.49798


841,1.44001


842,1.53321


843,1.49429


844,1.46191


845,1.30079


846,1.58278


847,1.49428


848,1.51095


849,1.57357


850,1.57343


851,1.53191


852,1.67558


853,1.62711


854,1.70508


855,1.34373


856,1.51374


857,1.53068


858,1.43514


859,1.81468


860,1.47088


861,1.70624


862,1.67665


863,1.4441


864,1.66924


865,1.4512


866,1.69336


867,1.48593


868,1.43582


869,1.75128


870,1.76234


871,1.65487


872,1.39591


873,1.79764


874,1.5358


875,1.6914


876,1.7447


877,1.50332


878,1.75895


879,1.49488


880,2.27257


881,1.83789


882,1.51077


883,1.75582


884,1.76307


885,1.35391


886,1.53371


887,1.54442


888,1.82605


889,1.60474


890,1.84309


891,1.62961


892,1.70828


893,1.4711


894,1.64917


895,1.50834


896,1.80153


897,1.76042


898,1.47359


899,1.77656


900,1.64921


901,2.12004


902,1.86166


903,1.73124


904,1.83143


905,1.75728


906,1.74119


907,1.63736


908,1.7608


909,2.07201


910,1.70747


911,1.76962


912,1.66559


913,1.59289


914,1.54582


915,2.03392


916,1.80215


917,1.78422


918,1.74332


919,2.02485


920,1.69521


921,1.82447


922,1.77913


923,1.65001


924,1.86352


925,1.46011


926,1.89862


927,1.90307


928,1.63494


929,1.8555


930,1.60987


931,1.9131


932,1.7474


933,1.84064


934,1.57464


935,1.71545


936,1.86484


937,1.9582


938,1.78865


939,1.92869


940,1.91486


941,1.79984


942,1.84972


943,1.78292


944,1.85209


945,1.82921


946,1.66174


947,2.0056


948,2.03784


949,2.16168


950,1.96297


951,1.86555


952,2.0037


953,1.79857


954,1.86758


955,1.90479


956,1.81111


957,2.07906


958,1.75894


959,1.82289


960,1.79649


961,1.9789


962,1.76929


963,1.95093


964,1.78938


965,1.82782


966,1.73652


967,1.77637


968,2.01912


969,1.9476


970,2.08102


971,1.84357


972,1.81161


973,2.00605


974,1.95422


975,1.84879


976,2.21511


977,1.8598


978,2.20886


979,1.71861


980,2.01974


981,1.76712


982,2.07117


983,2.12752


984,1.85481


985,1.97394


986,1.93537


987,1.90755


988,2.13439


989,1.90928


990,1.58879


991,2.04121


992,1.87458


993,2.44459


994,2.1143


995,1.99297


996,1.95981


997,1.9541


998,1.89001


999,2.09109


1000,2.12296


1001,2.16286


